distance phi
85.19 0.625501
125.19 0.322960
165.19 0.137039
205.19 0.088526
245.19 0.049950
285.19 0.021682
325.19 0.012482
365.19 0.003979
405.19 0.002764
445.19 0.003281
485.19 0.000784
525.19 0.001887
565.19 0.004074
605.19 0.003989
645.19 0.004284
685.19 0.003202
725.19 0.003954
765.19 0.003731
805.19 0.003545
845.19 0.001134
885.19 0.001396
925.19 0.000679
965.19 0.000536
1005.19 -0.001066
1045.19 -0.000695
1085.19 -0.000322
1125.19 0.000280
1165.19 -0.001303
1205.19 -0.000788
1245.19 -0.000463
1285.19 -0.000743
1325.19 -0.000897
1365.19 -0.001279
1405.19 -0.000431
1445.19 -0.000298
1485.19 -0.000154
1525.19 -0.000265
1565.19 0.001052
1605.19 0.001791
1645.19 0.002574
1685.19 0.002130
1725.19 0.001816
1765.19 0.000929
1805.19 -0.000034
1845.19 0.000304
1885.19 0.000734
1925.19 -0.000868
1965.19 0.001650
2005.19 0.002777
2045.19 0.000675
2085.19 0.002697
2125.19 0.002219
2165.19 -0.000098
2205.19 0.001387
2245.19 0.002041
2285.19 0.002107
2325.19 0.001442
2365.19 0.002276
2405.19 0.001533
2445.19 0.002506
2485.19 0.001198
2525.19 0.000095
2565.19 0.001037
2605.19 -0.000304
2645.19 -0.000701
2685.19 -0.000838
2725.19 -0.001171
2765.19 -0.000014
2805.19 0.002073
2845.19 0.002910
2885.19 0.002382
2925.19 0.002813
2965.19 0.003473
3005.19 0.002787
3045.19 0.002155
3085.19 0.001467
3125.19 0.000142
3165.19 0.000423
3205.19 -0.000658
3245.19 -0.001271
3285.19 0.000539
3325.19 -0.000585
3365.19 -0.001010
3405.19 -0.000513
3445.19 -0.002084
3485.19 -0.001718
3525.19 -0.002479
3565.19 -0.002923
3605.19 -0.003051
3645.19 -0.002242
3685.19 -0.002360
3725.19 -0.001541
3765.19 -0.001221
3805.19 -0.001406
3845.19 0.000349
3885.19 0.000593
3925.19 -0.000214
3965.19 -0.000479
4005.19 -0.000701
4045.19 -0.000820
4085.19 -0.001043
4125.19 -0.000399
4165.19 -0.001039
4205.19 -0.001114
4245.19 -0.001239
4285.19 -0.001739
4325.19 -0.000713
4365.19 -0.001126
4405.19 -0.000502
4445.19 0.000217
4485.19 -0.000118
4525.19 -0.000014
4565.19 -0.000228
4605.19 0.000547
4645.19 0.000468
4685.19 0.001269
4725.19 0.001366
4765.19 0.001468
4805.19 0.001478
4845.19 0.001150
4885.19 0.000818
4925.19 0.001410
4965.19 0.001471
5020.00 0.001239
5060.00 0.000309
5100.00 0.001280
5140.00 0.000661
5180.00 -0.000317
5220.00 -0.000662
5260.00 -0.000155
5300.00 -0.000572
5340.00 -0.000443
5380.00 -0.000725
5420.00 -0.000677
5460.00 -0.000777
5500.00 -0.001551
5540.00 -0.001934
5580.00 -0.001858
5620.00 -0.001885
5660.00 -0.000997
5700.00 -0.001143
5740.00 -0.000322
5780.00 0.000261
5820.00 0.000421
5860.00 -0.001212
5900.00 -0.001304
5940.00 -0.001453
5980.00 -0.001668
6020.00 -0.000866
6060.00 -0.000290
6100.00 0.000078
6140.00 0.000792
6180.00 0.002351
6220.00 0.001852
6260.00 0.002925
6300.00 0.003824
6340.00 0.002648
6380.00 0.001554
6420.00 0.001783
6460.00 0.001095
6500.00 0.000396
6540.00 0.000284
6580.00 -0.000033
6620.00 -0.000376
6660.00 -0.000184
6700.00 0.000041
6740.00 -0.000790
6780.00 -0.000483
6820.00 -0.000375
6860.00 -0.001419
6900.00 -0.001630
6940.00 -0.001819
6980.00 -0.000966
7020.00 -0.000475
7060.00 0.000518
7100.00 0.001048
7140.00 0.002992
7180.00 0.004959
7220.00 0.004960
7260.00 0.007055
7300.00 0.005957
7340.00 0.004969
7380.00 0.004029
7420.00 0.002719
7460.00 0.002557
7500.00 0.002484
7540.00 0.001352
7580.00 0.001363
7620.00 0.001840
7660.00 0.002000
7700.00 0.001692
7740.00 0.002274
7780.00 0.001948
7820.00 0.001179
7860.00 -0.000190
7900.00 -0.000726
7940.00 -0.001909
7980.00 -0.002113
8020.00 -0.002249
8060.00 -0.002671
8100.00 -0.001822
8140.00 -0.001289
8180.00 -0.000401
8220.00 -0.001363
8260.00 -0.001056
8300.00 -0.001321
8340.00 -0.000923
8380.00 -0.000202
8420.00 0.001203
8460.00 0.000071
8500.00 0.000938
8540.00 0.000697
8580.00 0.000755
8620.00 -0.000136
8660.00 0.001086
8700.00 -0.000800
8740.00 -0.000301
8780.00 -0.000561
8820.00 -0.000512
8860.00 -0.000231
8900.00 -0.000513
8940.00 0.001262
8980.00 0.002291
9020.00 0.001569
9060.00 0.002096
9100.00 0.002416
9140.00 0.001211
9180.00 0.001133
9220.00 0.001475
9260.00 0.001370
9300.00 0.002572
9340.00 0.000481
9380.00 -0.000552
9420.00 -0.001456
9460.00 -0.002703
9500.00 -0.002295
9540.00 -0.002912
9580.00 -0.001382
9620.00 -0.001604
9660.00 -0.002571
9700.00 -0.001853
9740.00 -0.002407
9780.00 -0.003189
9820.00 -0.003479
9860.00 -0.003541
9900.00 -0.003863
9940.00 -0.003120
9980.00 -0.002360
10020.00 -0.002354
10060.00 -0.001374
10100.00 -0.000186
10140.00 0.000770
10180.00 -0.000702
10220.00 0.001024
10260.00 0.002625
10300.00 0.001755
10340.00 0.002649
10380.00 0.002501
10420.00 0.003650
10460.00 0.002503
10500.00 0.002167
10540.00 0.001273
10580.00 -0.001127
10620.00 -0.002257
10660.00 -0.002190
10700.00 -0.002369
10740.00 -0.001614
10780.00 -0.001137
10820.00 0.000241
10860.00 -0.001786
10900.00 0.001485
10940.00 0.002301
10980.00 0.006160
11020.00 0.002930
11060.00 0.008961
11100.00 0.008240
11140.00 0.001528
11180.00 0.003818
11220.00 -0.001264
11260.00 -0.002895
11300.00 -0.003512
11340.00 -0.002672
11380.00 0.000774
11420.00 -0.001377
11460.00 0.005650
11500.00 0.006444
11540.00 0.002364
11580.00 0.006090
11620.00 0.004124
11660.00 -0.003765
11700.00 0.001619
11740.00 0.004285
11780.00 -0.005421
11820.00 0.004127
11860.00 0.001540
11900.00 -0.005534
11940.00 -0.003723
11980.00 -0.005370
12020.00 -0.005285
12060.00 -0.005583
12100.00 -0.005561
12140.00 -0.005104
12180.00 -0.003254
12220.00 0.006445
12260.00 -0.005000
12300.00 0.019083
12340.00 0.032363
12380.00 -0.004762
12420.00 0.031986
12460.00 0.029012
12500.00 -0.004569
12540.00 0.010375
12580.00 -0.005227
12620.00 -0.004589
12660.00 -0.006026
12700.00 -0.005478
12740.00 -0.004823
12780.00 -0.006433
12820.00 -0.005737
12860.00 -0.005061
12900.00 -0.006305
12940.00 -0.005664
12980.00 -0.005783
13020.00 -0.005943
13060.00 -0.005265
13100.00 -0.006628
13140.00 -0.005473
13180.00 -0.005334
13220.00 -0.006632
13260.00 -0.004513
13300.00 -0.004755
13340.00 -0.005644
13380.00 -0.004313
13420.00 -0.002906
13460.00 -0.002809
13500.00 0.000000
13540.00 0.000000
13580.00 0.000000
13620.00 0.000000
13660.00 0.000000
13700.00 0.000000
13740.00 0.000000
13780.00 0.000000
13820.00 0.000000
13860.00 0.000000
